[{"id": 0, "img_name": "cam00", "width": 1920, "height": 1080, "position": [0.6425901549484916, 0.6765753227140608, 4.7203799407522915], "rotation": [[-0.9943257853181138, 0.013876744095835768, -0.10546880403614703], [0.04301807256073727, 0.9592242282060456, -0.2793534060212536], [0.09729171642373077, -0.28230535948829405, -0.9543783347915594]], "fy": 1934.1365722013063, "fx": 1949.5738649512673}, {"id": 1, "img_name": "cam10", "width": 1920, "height": 1080, "position": [-3.5070459574809374, 0.292196832404536, 1.6110998439188158], "rotation": [[-0.173569202596413, 0.14658499787034057, 0.9738514107960192], [-0.13281142703283716, 0.9763432712288951, -0.17063101000568928], [-0.9758252183457582, -0.15895488393066912, -0.14999496029880732]], "fy": 1927.9246210139452, "fx": 1923.6993476001185}, {"id": 2, "img_name": "cam20", "width": 1920, "height": 1080, "position": [-2.833100975871763, -0.11300654754238446, -1.2738880678835502], "rotation": [[0.5963976612399853, 0.12712863369133343, 0.7925579727460009], [-0.12128513495659127, 0.9903143472684984, -0.06758261339079083], [-0.7934732167540612, -0.05581938811866737, 0.6060399740974354]], "fy": 1952.204856785183, "fx": 1966.0514978021595}, {"id": 3, "img_name": "cam30", "width": 1920, "height": 1080, "position": [-0.3146876540196682, -0.3768633138149171, -2.7989463355899145], "rotation": [[0.9892870015377736, 0.04384981613260642, 0.1392423147377898], [-0.04506890586789234, 0.9989681136978934, 0.005612623160694968], [-0.13885252000692022, -0.011827993913150278, 0.9902424330676394]], "fy": 1957.1085166883931, "fx": 1970.107389196499}, {"id": 4, "img_name": "cam40", "width": 1920, "height": 1080, "position": [2.595254450565725, -0.3278083348905202, -1.9012699525653913], "rotation": [[0.7819015383667566, -0.06806571905145738, -0.6196749488156735], [0.0769631432731309, 0.9969568866817884, -0.012395187585323604], [0.6186328950817431, -0.038000315627161683, 0.7847606750691686]], "fy": 1900.6799813508621, "fx": 1901.57859991206}, {"id": 5, "img_name": "cam50", "width": 1920, "height": 1080, "position": [3.94234940493404, 0.026123240445391754, 0.7815008343000188], "rotation": [[0.051509680591944426, -0.10991116296955236, -0.99260580748855], [0.14891797957918962, 0.9836582259013085, -0.10119253912587693], [0.98750705727269, -0.14260445600110314, 0.06703566935043986]], "fy": 1889.4498875132163, "fx": 1895.9310470876405}, {"id": 6, "img_name": "cam01", "width": 1920, "height": 1080, "position": [0.022089798924048287, 0.6743358584892268, 4.703213616008381], "rotation": [[-0.9973737281811197, 0.04213638148349267, 0.05890816318279431], [0.02431325572410183, 0.9609362334199847, -0.275699874676626], [-0.06822398354088961, -0.2735435626295937, -0.9594370262887092]], "fy": 1955.8299766512598, "fx": 1969.7557336078064}, {"id": 7, "img_name": "cam02", "width": 1920, "height": 1080, "position": [-0.5336289455167806, 0.6610491198273801, 4.597410306253549], "rotation": [[-0.9773668282888971, 0.054878257167252885, 0.20430971550757493], [-0.002657424076366999, 0.9625066974814238, -0.2712448993081367], [-0.21153491687610274, -0.26564870448336037, -0.940576283322375]], "fy": 1895.6924213094767, "fx": 1905.3942377858177}, {"id": 8, "img_name": "cam03", "width": 1920, "height": 1080, "position": [-1.1672743739348033, 0.6534490952907802, 4.4540959299396565], "rotation": [[-0.9296053655683233, 0.07746605676423164, 0.3603232914425378], [-0.02532865692216635, 0.9619214801271082, -0.27214982125401593], [-0.36768508733031635, -0.26211843910620725, -0.8922452580066886]], "fy": 1924.1450532912052, "fx": 1933.726446419307}, {"id": 9, "img_name": "cam04", "width": 1920, "height": 1080, "position": [-1.7190054410666513, 0.6194388764023065, 4.1615752806785755], "rotation": [[-0.8419986654414926, 0.09928187334831037, 0.5302653647176995], [-0.0475774471277371, 0.9654245101379471, -0.2563043147309703], [-0.5373775524894507, -0.24103656330389997, -0.8081625710406865]], "fy": 1921.5664475522117, "fx": 1929.5099170581416}, {"id": 10, "img_name": "cam05", "width": 1920, "height": 1080, "position": [-2.2255110714038477, 0.5920541474708675, 3.8293422429761104], "rotation": [[-0.7574379639748275, 0.10211825517700605, 0.644871764530958], [-0.0770987455428344, 0.9667932248155142, -0.24365271163387411], [-0.6483390426045531, -0.23427061789823836, -0.7244127024177507]], "fy": 1918.1135842990072, "fx": 1924.7508031994184}, {"id": 11, "img_name": "cam06", "width": 1920, "height": 1080, "position": [-2.659055568822754, 0.5325342316044088, 3.3804723290336005], "rotation": [[-0.6377254140814566, 0.1290826474376637, 0.7593707700228646], [-0.09858108588815008, 0.9640728656197826, -0.24666835889666486], [-0.7639293591293294, -0.23216627641874363, -0.6020886598783501]], "fy": 1945.337290504483, "fx": 1947.4104550157033}, {"id": 12, "img_name": "cam07", "width": 1920, "height": 1080, "position": [-3.0001924505535857, 0.47025617302693956, 2.8485426127548683], "rotation": [[-0.5060156949974027, 0.13497313382084605, 0.8518980981096713], [-0.10889712369088363, 0.9697793268097888, -0.2183334004320118], [-0.855622307369407, -0.2032493799226281, -0.4760253740011338]], "fy": 1905.920407205356, "fx": 1905.9826961934632}, {"id": 13, "img_name": "cam08", "width": 1920, "height": 1080, "position": [-3.317608075159497, 0.3957398569729899, 2.3163648391623477], "rotation": [[-0.36098274313714546, 0.14581106162721832, 0.9211029222971366], [-0.1253897329674052, 0.9711436132882652, -0.2028731062407614], [-0.9241043631665984, -0.18873053986187813, -0.3322828754237863]], "fy": 1929.0209381359455, "fx": 1931.8043669844353}, {"id": 14, "img_name": "cam09", "width": 1920, "height": 1080, "position": [-3.4227880336487484, 0.35701086704788393, 2.049947140183112], "rotation": [[-0.28405148039527256, 0.14209851004236837, 0.948220844491932], [-0.1422884134375775, 0.9717591623549849, -0.188250199948247], [-0.9481923664988402, -0.18839358753120256, -0.2558106571088312]], "fy": 1958.930360535897, "fx": 1961.7503564882315}, {"id": 15, "img_name": "cam11", "width": 1920, "height": 1080, "position": [-3.5275525618556363, 0.2475578065898455, 1.3033581829035528], "rotation": [[-0.08704108903989942, 0.15044126629211985, 0.9847798100160116], [-0.13610246512479432, 0.9774666815783016, -0.161353665564985], [-0.9868637027501328, -0.14807535851966172, -0.06460433726593885]], "fy": 1911.1391560783231, "fx": 1919.1939255677817}, {"id": 16, "img_name": "cam12", "width": 1920, "height": 1080, "position": [-3.540949903908862, 0.20549423143486426, 1.0360984360566126], "rotation": [[-0.016552359876008508, 0.1483018643826219, 0.9888036086115247], [-0.1410671461554165, 0.9787006293223365, -0.14914804202412063], [-0.9898616467254912, -0.14195645524139053, 0.004720715750564809]], "fy": 1958.6989676473688, "fx": 1962.1559128252673}, {"id": 17, "img_name": "cam13", "width": 1920, "height": 1080, "position": [-3.529429309425431, 0.15604017413558632, 0.7034047369848881], "rotation": [[0.06361888048903472, 0.14944752145473958, 0.9867208705486861], [-0.13331640034441783, 0.9811345980499232, -0.1400058495514482], [-0.9890295119178844, -0.1226390591958818, 0.08234249033773619]], "fy": 1919.5673212858096, "fx": 1924.3023411431623}, {"id": 18, "img_name": "cam14", "width": 1920, "height": 1080, "position": [-3.504818567697677, 0.1210987026352, 0.4243942282832369], "rotation": [[0.1438515041042699, 0.15360554030538237, 0.9776052796269211], [-0.1412704249388303, 0.9809496272904331, -0.13334352536348615], [-0.9794638389468706, -0.1189250465892359, 0.16281099928815174]], "fy": 1944.9881230312658, "fx": 1955.3913666449207}, {"id": 19, "img_name": "cam15", "width": 1920, "height": 1080, "position": [-3.4375927592168756, 0.08292372005302681, 0.12108409714157611], "rotation": [[0.2210239778454244, 0.15566438522567616, 0.9627652883178213], [-0.13015257219718032, 0.9830576215531632, -0.12906595467703869], [-0.9665447269360291, -0.096779707989588, 0.23753942610355652]], "fy": 1914.3132222203847, "fx": 1923.5152838239298}, {"id": 20, "img_name": "cam16", "width": 1920, "height": 1080, "position": [-3.351193655291895, 0.03666095860563778, -0.2065405424853923], "rotation": [[0.31781744435105214, 0.15211887147959743, 0.9358696068395101], [-0.14130318415070267, 0.9836223726742663, -0.11189476361081244], [-0.9375635883581649, -0.09667924758923552, 0.3341072295993322]], "fy": 1948.6278093755523, "fx": 1958.6385483142874}, {"id": 21, "img_name": "cam17", "width": 1920, "height": 1080, "position": [-3.272298361904115, 0.0011662517000910642, -0.4675823824086086], "rotation": [[0.3798353030055721, 0.14148721041216605, 0.9141698484857442], [-0.1385592792741108, 0.9857871155846349, -0.09500046775866101], [-0.9146182092642285, -0.09058218388352571, 0.394041113648293]], "fy": 1957.140505213229, "fx": 1966.389115247519}, {"id": 22, "img_name": "cam18", "width": 1920, "height": 1080, "position": [-3.149289102359732, -0.04374056354952891, -0.7740145871419966], "rotation": [[0.45825345795811495, 0.1352789354733305, 0.878466492182048], [-0.13080595760105224, 0.9878524685918235, -0.08388862707847826], [-0.8791436570467316, -0.07646639728823869, 0.4703821003825033]], "fy": 1949.895952625616, "fx": 1961.6268332921381}, {"id": 23, "img_name": "cam19", "width": 1920, "height": 1080, "position": [-3.0186763590009544, -0.07945681601580076, -1.0440613562610175], "rotation": [[0.5308060903812691, 0.13276719620855618, 0.8370291309297846], [-0.13220809109525478, 0.9885333360318502, -0.07295796188689543], [-0.8371176231946743, -0.07193549307997833, 0.5422724128814221]], "fy": 1958.9497482839536, "fx": 1973.4961017693618}, {"id": 24, "img_name": "cam21", "width": 1920, "height": 1080, "position": [-2.6934906365719478, -0.15288051041757067, -1.5314653523328392], "rotation": [[0.6564845094378144, 0.11374956410690022, 0.7457138362225033], [-0.11135212254549313, 0.9923483667661838, -0.053342513824353135], [-0.746075595146233, -0.04801828445475768, 0.6641275861498425]], "fy": 1933.8677908587624, "fx": 1949.299152430974}, {"id": 25, "img_name": "cam22", "width": 1920, "height": 1080, "position": [-2.4853844132859537, -0.1782022723186306, -1.7237374647777786], "rotation": [[0.7033568851691703, 0.11596929822239906, 0.70131320674498], [-0.10881908507626589, 0.9925394048589471, -0.05499033119932677], [-0.7024581829605854, -0.03763843344311131, 0.7107290971387489]], "fy": 1964.9947644730744, "fx": 1980.0492926279073}, {"id": 26, "img_name": "cam23", "width": 1920, "height": 1080, "position": [-2.225325252152309, -0.21617158662018424, -1.951343494134214], "rotation": [[0.7695605697080278, 0.09093110268668667, 0.6320665029210446], [-0.08239692401833193, 0.9956749502310702, -0.0429201630317613], [-0.6332355615906081, -0.019050670501034424, 0.7737246251028126]], "fy": 1983.1435769193401, "fx": 1998.758709808264}, {"id": 27, "img_name": "cam24", "width": 1920, "height": 1080, "position": [-1.9967188795567181, -0.23834198803756387, -2.0942648669820336], "rotation": [[0.8034670404870874, 0.10736003120416303, 0.5855890526220261], [-0.10147056991570025, 0.9939089941670813, -0.04299575275260769], [-0.5866382516439785, -0.02487438468829973, 0.8094670016093766]], "fy": 1915.9890006483167, "fx": 1928.8357649285963}, {"id": 28, "img_name": "cam25", "width": 1920, "height": 1080, "position": [-1.7064707421261196, -0.2737187735071696, -2.274407269101348], "rotation": [[0.8656984205363181, 0.07204281085490723, 0.4953544973905539], [-0.06960479097797603, 0.9973001499794155, -0.02340051118987634], [-0.4957029531421378, -0.014221260674051498, 0.868375689428835]], "fy": 1914.8603029166068, "fx": 1927.9814098403206}, {"id": 29, "img_name": "cam26", "width": 1920, "height": 1080, "position": [-1.465042385828025, -0.3027650443074296, -2.4406939126709166], "rotation": [[0.8959650124390913, 0.08524741146783532, 0.43586646501314197], [-0.0845313064977627, 0.996197908157066, -0.02107572075320054], [-0.43600591132093636, -0.017961253339318143, 0.8997645462406711]], "fy": 1926.0384222654395, "fx": 1940.6253970688776}, {"id": 30, "img_name": "cam27", "width": 1920, "height": 1080, "position": [-1.1647088135168466, -0.3229075391724643, -2.5247779367805725], "rotation": [[0.9308998939797085, 0.0617713187518872, 0.36001346025978015], [-0.06028250848851126, 0.9980629605224971, -0.015373548822612415], [-0.3602657443594937, -0.0073912795050267354, 0.9328204341824734]], "fy": 1924.8860612252886, "fx": 1938.6132012437877}, {"id": 31, "img_name": "cam28", "width": 1920, "height": 1080, "position": [-0.882133997080361, -0.33387384996752467, -2.650615669273443], "rotation": [[0.9561032539822591, 0.059685072035047894, 0.28688719019974873], [-0.0595487978914098, 0.9981829205874206, -0.009208567600618525], [-0.2869155074132866, -0.008279445859372304, 0.9579201127348972]], "fy": 1960.5093845058311, "fx": 1974.1718497981558}, {"id": 32, "img_name": "cam29", "width": 1920, "height": 1080, "position": [-0.5910350516142863, -0.3770866550326977, -2.767672295158862], "rotation": [[0.9755919753835766, 0.05284128037174175, 0.21313867939875678], [-0.054778980585703164, 0.9984934034124846, 0.003191649690098196], [-0.2126489145355842, -0.014789267406742189, 0.9770167433142636]], "fy": 1917.6359379703601, "fx": 1932.8486810509264}, {"id": 33, "img_name": "cam31", "width": 1920, "height": 1080, "position": [0.03240410615124994, -0.38796806956142865, -2.8699078840600607], "rotation": [[0.9984424034910093, 0.03151125124753911, 0.04604137222011132], [-0.032177322720068395, 0.9993869320592711, 0.013797823441641125], [-0.04557835904971726, -0.015257820092418072, 0.9988442381634701]], "fy": 1961.06875528172, "fx": 1973.5351150951958}, {"id": 34, "img_name": "cam32", "width": 1920, "height": 1080, "position": [0.34791769090910596, -0.40169941301884216, -2.846551022392715], "rotation": [[0.9993066030783927, 0.021527679448281063, -0.03037880941537428], [-0.021180863310009915, 0.9997072864692378, 0.011692408210280792], [0.030621627542739335, -0.011040851320673726, 0.9994700673500676]], "fy": 1936.578047347651, "fx": 1946.2156706801823}, {"id": 35, "img_name": "cam33", "width": 1920, "height": 1080, "position": [0.6472181108113585, -0.3959121786194934, -2.7870527221934003], "rotation": [[0.9946328459558053, 0.00920228607287303, -0.10305736109996327], [-0.008598424525683143, 0.9999431730965996, 0.006302195901415484], [0.10310949927883147, -0.005382240103961786, 0.9946554492134108]], "fy": 1937.9804120827946, "fx": 1947.7979645069806}, {"id": 36, "img_name": "cam34", "width": 1920, "height": 1080, "position": [0.9597421265642254, -0.39881854631671204, -2.7007504013182855], "rotation": [[0.9809819228785905, -0.007446356197605236, -0.19395622899201104], [0.010555191767882431, 0.9998317794032552, 0.015000027402096541], [0.1938119060124178, -0.01676200091572621, 0.9808954992317657]], "fy": 1919.2692350060827, "fx": 1927.682863545025}, {"id": 37, "img_name": "cam35", "width": 1920, "height": 1080, "position": [1.2526604822445853, -0.38925782065627434, -2.6196238411711774], "rotation": [[0.9587472265429575, -0.012866812849433836, -0.28396866151616906], [0.016455308838754814, 0.9998120116186654, 0.010254961436245826], [0.28378333003756256, -0.014504707861082062, 0.9587787205829383]], "fy": 1913.182279970736, "fx": 1917.452466925036}, {"id": 38, "img_name": "cam36", "width": 1920, "height": 1080, "position": [1.5239044557359933, -0.38286310208155, -2.516178566626663], "rotation": [[0.9411276091066967, -0.021654107375400442, -0.3373572631660498], [0.027087234547868884, 0.9995680027008669, 0.011405687228245953], [0.3369645457635885, -0.01987228246514382, 0.941307594406825]], "fy": 1908.7766737568315, "fx": 1914.36928672969}, {"id": 39, "img_name": "cam37", "width": 1920, "height": 1080, "position": [1.8333253606900999, -0.37648803782064844, -2.3502114549719835], "rotation": [[0.9074478820398671, -0.03859768105555504, -0.4183880500187512], [0.04768092470116915, 0.9987989994604907, 0.011273335636100123], [0.4174504411316399, -0.03017909365531668, 0.9081984097680103]], "fy": 1928.548875855504, "fx": 1931.7323189828312}, {"id": 40, "img_name": "cam38", "width": 1920, "height": 1080, "position": [2.0624464289234976, -0.3527032584213047, -2.1947501451043054], "rotation": [[0.8714076587397035, -0.05425952297026504, -0.4875495835879957], [0.0613752182665429, 0.9981138059050618, -0.0013831284998651256], [0.4867050183350517, -0.028718193340671706, 0.873094204824843]], "fy": 1934.3767381293774, "fx": 1937.045979629124}, {"id": 41, "img_name": "cam39", "width": 1920, "height": 1080, "position": [2.3393670025520628, -0.33875498255205916, -2.0556600025564875], "rotation": [[0.8271537330848069, -0.057059172590251055, -0.5590715094396994], [0.06512496710731284, 0.9978620185212991, -0.005489139447115785], [0.558189430662333, -0.031869151477791284, 0.8291012704615437]], "fy": 1954.510908555949, "fx": 1954.3524801203077}, {"id": 42, "img_name": "cam41", "width": 1920, "height": 1080, "position": [2.811406993919312, -0.29429638395744556, -1.7066059323715206], "rotation": [[0.7297624072030012, -0.06903475139239998, -0.6802066098866363], [0.08381406266282393, 0.9964183879311168, -0.011207100102460833], [0.6785440530527355, -0.048832359076168744, 0.7329347643370606]], "fy": 1915.6192318036428, "fx": 1912.5734236065994}, {"id": 43, "img_name": "cam42", "width": 1920, "height": 1080, "position": [3.055727090300019, -0.26386968419105716, -1.473657099344327], "rotation": [[0.6575044066309905, -0.0738585679664863, -0.74982189031714], [0.0951617452842392, 0.9953547751940633, -0.014598415421993813], [0.7474170171298529, -0.06175583726511563, 0.661478661083181]], "fy": 1848.0380134464942, "fx": 1845.6385439105673}, {"id": 44, "img_name": "cam43", "width": 1920, "height": 1080, "position": [3.226826931511171, -0.2395686193088623, -1.2359975153530687], "rotation": [[0.6081653253121113, -0.08476994191574796, -0.7892711790225299], [0.09848513036398975, 0.9946573570414785, -0.030942223262860193], [0.787677355384298, -0.05891348768203641, 0.6132646938997359]], "fy": 1908.1750140880426, "fx": 1903.184940840541}, {"id": 45, "img_name": "cam44", "width": 1920, "height": 1080, "position": [3.408891594708867, -0.20833611436710833, -0.9710546012112122], "rotation": [[0.5295539547960249, -0.09284598701409875, -0.8431798335202683], [0.10680010944951114, 0.9933798884696915, -0.042309972884840515], [0.8415262001752896, -0.06764628503710537, 0.535964210129013]], "fy": 1929.0326116760857, "fx": 1926.6345676857875}, {"id": 46, "img_name": "cam45", "width": 1920, "height": 1080, "position": [3.5349284709520985, -0.17004462962954525, -0.7331053174047194], "rotation": [[0.4647348468348208, -0.10238747148910063, -0.8795102772676874], [0.11677608373924768, 0.9917030659717051, -0.05374360621361527], [0.877715710468908, -0.07772923918570498, 0.4728353804144436]], "fy": 1882.4422090799965, "fx": 1878.2714268937495}, {"id": 47, "img_name": "cam46", "width": 1920, "height": 1080, "position": [3.6530274935641827, -0.13788931850973934, -0.45019012388773894], "rotation": [[0.38672832355316183, -0.09984348716334442, -0.91677286272709], [0.1252133970343292, 0.990600589926751, -0.05506429369288386], [0.9136535497467762, -0.09349732246345777, 0.39559504765262143]], "fy": 1857.905329661798, "fx": 1855.691891422006}, {"id": 48, "img_name": "cam47", "width": 1920, "height": 1080, "position": [3.7700860370540745, -0.1038328391762213, -0.14896604478053183], "rotation": [[0.30343066950993386, -0.10015427412129253, -0.947575300530776], [0.1213948472865536, 0.9904202837808613, -0.06580997285907647], [0.9450889481170689, -0.09506199477538352, 0.31268210261589535]], "fy": 1915.1654044985787, "fx": 1913.1120377243146}, {"id": 49, "img_name": "cam48", "width": 1920, "height": 1080, "position": [3.850787822956359, -0.06346855902921833, 0.14328301799120005], "rotation": [[0.22438695722297236, -0.10701065326883288, -0.9686068415591507], [0.13236889018041265, 0.9880872886694011, -0.07849832407356029], [0.9654682648024332, -0.11059941255237057, 0.23587878158589995]], "fy": 1878.9476353577252, "fx": 1880.844965380127}, {"id": 50, "img_name": "cam49", "width": 1920, "height": 1080, "position": [3.906125776765092, -0.03152032799548013, 0.4274020556527353], "rotation": [[0.1463493474006191, -0.10669032696630669, -0.9834627815261923], [0.1421613198290992, 0.98611589433766, -0.08582308593313011], [0.9789647734519671, -0.12725021440633974, 0.15948465529222272]], "fy": 1908.1404169055936, "fx": 1910.7536194369147}, {"id": 51, "img_name": "cam51", "width": 1920, "height": 1080, "position": [3.9794620537464063, 0.0667019034838593, 1.0812926776178924], "rotation": [[-0.022631668481379777, -0.10737373676868738, -0.9939611100209492], [0.14423381482953637, 0.9834638450999303, -0.10952384234028371], [0.9892847993583385, -0.14584150998117426, -0.0067705040390744365]], "fy": 1954.819707567482, "fx": 1968.0284743870873}, {"id": 52, "img_name": "cam52", "width": 1920, "height": 1080, "position": [3.9236116912949983, 0.14970767409995564, 1.660407156571913], "rotation": [[-0.14535202929850016, -0.11201494592013005, -0.9830185346519761], [0.1451867278808571, 0.9803992946023825, -0.13318422275329994], [0.9786693014629905, -0.162079841540091, -0.12623994352137957]], "fy": 1934.5293619034237, "fx": 1948.4133008443064}, {"id": 53, "img_name": "cam53", "width": 1920, "height": 1080, "position": [3.7813365384612587, 0.23861273092014781, 2.2694516550739827], "rotation": [[-0.344821127775899, -0.09743982778345953, -0.933597273882527], [0.1425251556601183, 0.9776306384209319, -0.154676807649823], [0.9277849803933105, -0.18639692803855715, -0.3232200726662452]], "fy": 1940.5128635605552, "fx": 1953.2806264739413}, {"id": 54, "img_name": "cam54", "width": 1920, "height": 1080, "position": [3.525806559579604, 0.319974329148098, 2.80959113071055], "rotation": [[-0.48068521581835666, -0.08989516731170306, -0.8722732267974642], [0.13759486210050162, 0.9746770442273255, -0.17627340519723414], [0.8660308177063927, -0.20475233417542585, -0.4561437322078547]], "fy": 1944.6984126856291, "fx": 1965.5119342031667}, {"id": 55, "img_name": "cam55", "width": 1920, "height": 1080, "position": [3.183942446630312, 0.39694199624705573, 3.2409340501994595], "rotation": [[-0.6057831451264098, -0.0822539968029154, -0.7913665781991939], [0.12931348222201905, 0.9712378111119103, -0.19993783429396483], [0.785050829180105, -0.2234533380294225, -0.5777229451277993]], "fy": 1913.5505269960756, "fx": 1933.9206883192976}, {"id": 56, "img_name": "cam56", "width": 1920, "height": 1080, "position": [2.8367211064026017, 0.47378223230591426, 3.7251204318558915], "rotation": [[-0.7258429441285532, -0.06644004455495348, -0.6846442440701075], [0.11487090418403403, 0.9696393287034542, -0.21588016954657413], [0.678201073304028, -0.23534080120338446, -0.6961738370968937]], "fy": 1947.7636978712915, "fx": 1972.79826306347}, {"id": 57, "img_name": "cam57", "width": 1920, "height": 1080, "position": [2.3288201780734137, 0.5420450157485764, 4.090747042849958], "rotation": [[-0.8334573261981907, -0.04952989100639183, -0.5503595872731368], [0.10162004037198738, 0.9652501632004313, -0.24076023308747707], [0.5431595095378136, -0.25659094360174833, -0.7994615906097091]], "fy": 1948.5600784417875, "fx": 1971.1452971790925}, {"id": 58, "img_name": "cam58", "width": 1920, "height": 1080, "position": [1.8011544088107216, 0.5958366100719473, 4.3802595761059555], "rotation": [[-0.9105967060300868, -0.03642895623742195, -0.4116874665503037], [0.07551325530193075, 0.9646755630226486, -0.2523862246253582], [0.4063390053155873, -0.26090992555743886, -0.8756795210034037]], "fy": 1909.6627853766076, "fx": 1929.2587866288927}, {"id": 59, "img_name": "cam59", "width": 1920, "height": 1080, "position": [1.23595367235859, 0.635960432806407, 4.549101360699504], "rotation": [[-0.9637951900748155, -0.009492639762310594, -0.26647461676301076], [0.06329666187615236, 0.9626553823334798, -0.2632264186203916], [0.2590219376500502, -0.27056330988277877, -0.9272017747832931]], "fy": 1886.650112676817, "fx": 1902.8773172373392}]